100
3.9171 -56.2815
67.7011 -91.4837
97.9458 99.8961
-78.398 -55.1691
87.6551 -38.693
-26.6581 26.6453
-56.4791 -45.944
-76.1865 -9.69268
-20.2899 -51.7353
-60.38 -78.91
60.7149 -58.9581
-98.9854 94.8877
93.93 48.5905
78.6234 -46.2803
-61.5982 5.81577
54.129 42.3189
49.5342 21.8301
50.8352 47.48
21.7262 72.4372
92.311 9.38127
-66.2559 -34.3472
-63.9734 -22.735
19.7089 -40.1599
67.5723 99.419
8.10473 -92.8077
-79.491 -31.1804
-51.7658 -78.4764
-36.2927 -57.8358
70.1142 -57.6693
-4.11604 -91.4841
48.1465 -49.987
50.8348 -2.3193
71.8431 1.66994
-54.8393 -6.43073
-25.8929 -62.5283
-97.0495 7.85121
3.12458 -61.0229
85.1162 -77.1665
-1.18281 52.6885
-77.7475 -93.0781
59.8808 -57.2385
-24.2585 -91.885
-35.7149 39.4488
-49.7208 -65.6007
81.7795 46.1632
-57.0848 29.926
96.1762 93.75
-72.3933 68.0192
-4.58007 -27.2326
-38.4115 69.527
10.2392 -35.461
-22.6218 -86.6362
3.51614 -37.5056
-63.8028 -97.6667
-84.8171 -41.5502
-90.7447 75.0637
1.21128 -15.0032
83.1787 65.4964
-75.5543 -66.542
99.8957 -93.7748
79.6211 -57.1891
36.1512 75.7973
-63.4391 63.7579
43.8165 31.9808
-63.4747 -94.595
1.50787 46.7645
-30.056 78.8861
60.1283 73.4602
-58.6194 96.3255
75.7935 -43.4365
-45.2247 85.0488
-68.3728 55.9866
-29.9544 -85.194
21.483 -5.50878
-51.7361 21.3787
0.716412 -72.1149
64.1896 -63.1324
-96.3176 -99.2495
-99.3745 47.4989
32.7313 -62.8492
52.9039 -65.7608
83.9154 -77.1521
-86.8747 44.0437
96.3081 -45.4941
40.3692 72.1016
11.0694 95.1445
57.1504 42.6966
51.1311 -72.8041
57.5026 -27.3859
21.6872 -94.2335
93.9928 -77.5964
-66.3484 58.1824
-40.7288 -62.666
58.9329 -40.1033
84.8329 -8.33573
-2.95248 37.7368
25.9035 -19.0371
60.5847 39.0288
-74.9935 56.8928
93.5347 65.3757
